2.10 0.74 1
1.61 3.37 1
0.42 0.39 1
3.95 4.88 1
3.44 4.06 1
4.21 4.49 1
0.62 4.60 1
0.60 4.64 1
3.91 0.16 1
3.77 0.77 1
2.95 3.95 1
4.82 1.21 1
4.89 0.08 1
0.82 3.81 1
2.26 4.38 1
0.34 0.09 1
2.67 3.45 1
1.17 0.89 1
3.00 2.04 1
3.46 4.80 1
2.41 4.52 1
2.74 2.51 1
1.26 4.72 1
2.23 1.77 1
2.55 3.71 1
2.14 4.91 1
3.13 4.24 1
0.26 1.89 1
2.15 3.73 1
4.49 0.72 1
4.38 0.46 1
4.84 4.52 1
4.30 4.14 1
3.25 0.56 1
3.54 4.46 1
0.36 0.88 1
4.91 3.01 1
0.81 1.79 1
3.26 3.15 1
2.75 1.61 1
4.40 4.25 1
4.79 3.49 1
4.63 1.11 1
0.49 2.22 1
0.41 0.09 1
1.73 1.60 1
4.83 4.30 1
2.42 0.59 1
0.02 2.95 1
0.60 0.99 1
3.21 3.88 1
0.75 1.23 1
4.75 1.14 1
1.01 2.73 1
0.69 2.40 1
4.31 0.89 1
1.24 2.99 1
1.08 1.27 1
3.77 2.01 1
4.37 2.62 1
2.73 2.71 1
1.90 0.66 1
2.11 0.94 1
1.46 3.59 1
4.68 2.37 1
3.38 0.38 1
2.68 0.60 1
3.53 3.34 1
0.72 0.90 1
0.94 3.42 1
1.14 0.12 1
4.67 3.45 1
1.05 2.45 1
1.24 2.00 1
3.59 3.98 1
0.83 1.80 1
0.56 3.56 1
2.21 1.03 1
0.79 2.86 1
1.00 2.00 1
4.33 3.92 1
2.07 1.82 1
2.36 2.05 1
0.29 0.79 1
2.08 1.63 1
2.07 0.23 1
4.50 3.15 1
0.55 1.52 1
0.84 0.30 1
2.61 1.64 1
4.17 4.39 1
2.71 2.04 1
0.92 2.02 1
4.17 4.15 1
0.40 1.52 1
0.23 4.44 1
3.52 0.64 1
4.25 1.17 1
0.27 2.34 1
0.67 0.28 1
6.25 4.00 -1
5.58 6.46 -1
4.90 6.41 -1
3.85 6.97 -1
3.67 7.49 -1
5.24 5.23 -1
3.80 7.03 -1
7.20 3.12 -1
5.79 4.88 -1
4.01 6.19 -1
5.59 4.81 -1
5.17 6.22 -1
7.73 2.12 -1
4.64 6.51 -1
5.27 6.97 -1
4.21 6.54 -1
2.74 7.04 -1
3.96 6.09 -1
5.68 5.13 -1
7.33 4.08 -1
3.40 7.70 -1
4.57 6.41 -1
3.50 6.51 -1
2.28 7.89 -1
3.53 6.53 -1
4.03 6.18 -1
4.29 7.70 -1
7.84 1.21 -1
4.50 6.85 -1
5.77 4.96 -1
2.22 8.02 -1
4.44 6.88 -1
6.97 2.95 -1
4.63 6.01 -1
5.79 6.34 -1
2.34 8.64 -1
4.92 6.91 -1
5.45 5.92 -1
6.24 5.61 -1
5.58 5.33 -1
3.97 7.48 -1
4.32 6.29 -1
3.16 7.34 -1
4.57 6.02 -1
2.42 7.31 -1
3.87 7.34 -1
4.08 5.88 -1
4.74 6.05 -1
6.87 3.39 -1
2.34 7.92 -1
7.29 3.58 -1
4.54 5.95 -1
6.12 4.40 -1
3.08 7.76 -1
4.16 6.48 -1
3.46 6.42 -1
5.83 5.90 -1
2.01 7.83 -1
2.27 7.76 -1
4.38 6.77 -1
2.97 6.76 -1
6.78 3.48 -1
7.47 2.76 -1
7.97 1.28 -1
6.75 4.56 -1
2.64 6.62 -1
7.46 3.60 -1
2.69 8.13 -1
2.37 7.16 -1
7.60 3.03 -1
3.60 7.63 -1
4.26 7.44 -1
5.07 5.57 -1
3.12 6.86 -1
6.01 5.09 -1
2.62 6.68 -1
7.60 1.68 -1
4.17 6.06 -1
7.98 -0.15 -1
2.98 6.51 -1
6.77 4.74 -1
6.81 5.08 -1
6.25 5.76 -1
6.07 4.69 -1
3.72 7.26 -1
6.04 4.30 -1
2.86 6.67 -1
2.14 7.67 -1
5.32 6.87 -1
2.46 7.69 -1
6.92 4.65 -1
4.03 7.03 -1
2.25 7.15 -1
4.11 6.45 -1
5.01 5.58 -1
6.91 4.18 -1
6.57 4.52 -1
3.60 6.61 -1
7.24 3.69 -1
3.24 6.69 -1
6.23 4.24 -1
7.38 3.10 -1
3.31 7.33 -1
2.78 8.47 -1
4.60 7.20 -1
5.40 6.56 -1
4.60 7.51 -1
3.98 6.93 -1
7.93 1.90 -1
6.19 4.96 -1
4.12 6.15 -1
2.21 7.51 -1
2.98 8.35 -1
2.51 7.98 -1
7.92 1.69 -1
7.89 1.00 -1
5.26 5.20 -1
5.76 6.45 -1
6.44 5.51 -1
3.40 6.70 -1
2.97 6.54 -1
5.71 5.33 -1
7.82 1.35 -1
4.16 6.69 -1
4.61 5.74 -1
5.96 4.82 -1
5.85 6.05 -1
3.30 7.89 -1
5.83 4.57 -1
2.71 8.45 -1
2.03 7.98 -1
7.54 2.77 -1
7.01 3.92 -1
2.99 8.27 -1
4.66 6.94 -1
6.31 4.23 -1
2.87 8.33 -1
6.00 5.66 -1
6.56 4.37 -1
7.20 2.87 -1
7.04 4.77 -1
3.74 6.61 -1
7.01 3.59 -1
7.25 3.10 -1
7.08 3.98 -1
7.20 2.98 -1
5.31 6.13 -1
6.75 3.95 -1
4.43 7.39 -1
6.82 4.08 -1
