1.89 1.99 1
4.49 0.20 1
2.82 1.10 1
0.42 2.00 1
4.80 3.48 1
3.53 1.88 1
3.74 3.02 1
2.64 1.39 1
1.68 0.29 1
2.21 4.00 1
4.19 3.52 1
2.57 1.61 1
0.05 3.10 1
4.10 1.03 1
1.47 0.81 1
3.78 3.58 1
0.96 1.67 1
2.74 1.65 1
4.48 0.62 1
0.16 2.76 1
0.99 0.20 1
2.26 3.67 1
0.95 2.55 1
4.79 3.12 1
3.52 1.53 1
6.56 3.62 -1
3.26 6.99 -1
2.02 7.30 -1
6.89 3.49 -1
4.90 5.51 -1
2.70 7.89 -1
3.93 6.94 -1
4.21 6.56 -1
2.28 7.64 -1
6.61 4.75 -1
6.98 3.55 -1
4.97 7.14 -1
6.88 4.85 -1
2.28 8.44 -1
5.77 4.61 -1
5.94 5.44 -1
6.62 3.73 -1
3.53 7.44 -1
4.47 7.61 -1
6.50 3.92 -1
2.17 8.02 -1
3.14 7.74 -1
3.75 7.21 -1
2.40 7.39 -1
7.41 4.00 -1
