1.68 5.51 1
0.72 5.03 1
1.93 4.29 1
1.90 4.19 1
0.50 5.79 1
0.76 5.94 1
1.16 4.78 1
1.48 4.62 1
1.96 5.45 1
1.92 4.39 1
1.36 5.85 1
0.69 4.03 1
0.64 4.14 1
1.53 4.75 1
1.75 4.77 1
1.62 5.04 1
1.19 5.75 1
1.71 5.64 1
0.67 4.59 1
0.98 5.39 1
1.52 5.41 1
1.08 5.10 1
0.97 4.55 1
0.64 5.29 1
1.70 4.46 1
1.84 5.66 1
0.44 4.80 1
1.85 5.16 1
0.43 5.79 1
0.81 5.16 1
1.16 5.19 1
0.08 4.26 1
0.40 4.86 1
1.42 4.27 1
1.80 4.24 1
0.33 5.52 1
0.28 4.32 1
1.40 4.33 1
0.35 4.28 1
0.57 5.25 1
1.13 7.54 1
0.61 6.38 1
1.00 7.92 1
1.83 7.56 1
0.47 6.73 1
0.14 6.06 1
0.31 6.18 1
0.28 7.24 1
1.78 7.08 1
0.66 7.36 1
1.83 7.37 1
0.63 7.10 1
0.37 6.68 1
1.07 6.72 1
1.54 7.10 1
0.40 6.99 1
0.95 6.06 1
1.02 7.45 1
1.59 6.10 1
1.33 6.40 1
1.76 7.77 1
1.98 6.84 1
0.10 7.23 1
0.42 7.77 1
0.01 7.09 1
0.25 6.37 1
0.47 7.42 1
1.79 6.77 1
1.08 6.07 1
0.40 7.73 1
0.30 6.58 1
0.35 7.02 1
0.61 6.19 1
1.96 6.50 1
0.67 6.72 1
1.87 7.91 1
1.73 7.31 1
0.34 6.08 1
0.14 6.42 1
0.45 6.46 1
2.47 4.52 1
3.40 5.99 1
3.72 4.46 1
3.50 5.78 1
3.61 5.23 1
2.61 5.03 1
3.56 5.47 1
2.35 4.76 1
3.47 5.57 1
3.31 5.07 1
2.24 5.59 1
2.10 5.90 1
2.98 5.06 1
3.27 5.55 1
3.98 5.68 1
2.88 5.42 1
2.92 5.57 1
2.29 5.17 1
2.18 4.51 1
2.37 4.57 1
2.46 4.24 1
3.87 5.67 1
2.03 4.84 1
3.70 5.86 1
2.06 4.11 1
3.76 5.10 1
3.60 5.46 1
2.40 4.95 1
2.63 4.80 1
2.46 4.82 1
3.93 5.49 1
3.76 5.77 1
2.59 4.48 1
2.62 5.54 1
3.34 4.35 1
2.66 5.91 1
2.01 4.59 1
3.84 5.75 1
2.25 5.51 1
3.67 5.27 1
2.44 6.07 -1
2.01 7.16 -1
2.68 7.15 -1
2.41 6.28 -1
3.34 7.52 -1
2.48 7.53 -1
2.21 7.25 -1
2.83 6.27 -1
2.22 7.21 -1
3.49 7.54 -1
3.31 7.00 -1
3.99 7.44 -1
3.69 7.64 -1
3.18 6.87 -1
3.19 6.02 -1
3.08 7.55 -1
2.14 7.60 -1
2.35 6.54 -1
3.47 6.92 -1
3.07 7.02 -1
3.76 6.19 -1
2.33 7.27 -1
3.32 7.15 -1
3.68 6.14 -1
2.23 6.84 -1
3.94 6.94 -1
2.54 6.07 -1
2.06 7.01 -1
2.91 7.48 -1
3.51 7.50 -1
3.30 6.45 -1
2.24 7.53 -1
3.18 7.65 -1
3.04 7.33 -1
3.74 7.37 -1
2.82 6.16 -1
2.04 6.50 -1
3.24 7.39 -1
2.16 7.95 -1
3.52 7.02 -1
5.21 4.96 1
4.37 5.15 1
4.10 5.55 1
5.09 5.92 1
5.82 4.48 1
4.19 4.44 1
5.55 5.06 1
5.98 5.39 1
4.68 5.68 1
5.94 5.11 1
5.40 4.06 1
5.49 4.06 1
5.82 4.68 1
5.17 5.68 1
4.55 5.37 1
4.94 5.25 1
4.16 4.26 1
5.66 5.11 1
5.44 5.54 1
5.87 5.23 1
5.66 5.02 1
5.44 5.04 1
4.12 4.24 1
4.96 4.11 1
5.47 5.49 1
5.52 4.15 1
5.17 5.69 1
5.72 4.49 1
5.65 5.47 1
5.75 5.94 1
4.95 5.06 1
4.72 5.51 1
5.53 4.10 1
4.50 5.23 1
4.20 4.93 1
5.67 4.68 1
4.91 5.99 1
5.57 5.13 1
4.10 4.21 1
4.87 5.51 1
5.20 7.52 1
4.90 7.84 1
5.64 7.25 1
4.21 6.02 1
5.80 6.92 1
4.59 6.01 1
5.28 7.71 1
4.84 6.64 1
4.08 7.37 1
4.10 7.37 1
5.85 6.31 1
4.03 7.15 1
4.88 7.24 1
5.92 7.71 1
4.45 6.56 1
5.33 6.30 1
4.06 7.28 1
5.95 7.64 1
5.18 7.16 1
5.80 7.27 1
4.87 6.88 1
5.63 6.23 1
4.39 7.49 1
5.19 7.45 1
5.92 6.66 1
5.35 7.97 1
5.55 6.05 1
4.51 7.43 1
4.81 6.71 1
4.21 6.96 1
5.20 6.83 1
5.27 6.16 1
5.50 6.40 1
4.60 6.98 1
4.63 6.80 1
4.47 6.43 1
4.68 7.78 1
4.25 7.14 1
4.49 6.33 1
4.51 7.55 1
