2.60 2.65 1
1.12 4.65 1
2.60 1.73 1
4.90 1.86 1
3.91 4.66 1
4.17 1.36 1
3.44 3.01 1
0.67 1.38 1
3.34 0.74 1
2.48 1.58 1
3.56 0.02 1
4.64 1.73 1
4.38 1.77 1
1.61 2.08 1
1.35 2.78 1
4.74 1.50 1
1.85 4.28 1
0.37 1.75 1
0.32 0.68 1
3.53 3.44 1
2.51 2.82 1
0.47 4.04 1
2.74 2.89 1
1.96 1.68 1
3.05 0.52 1
0.20 1.22 1
1.11 2.01 1
0.79 3.22 1
2.59 1.39 1
3.12 1.79 1
4.79 1.43 1
0.13 2.07 1
0.64 3.99 1
2.13 2.21 1
3.06 2.55 1
4.24 1.02 1
1.23 3.67 1
3.64 4.17 1
0.09 4.91 1
1.45 2.29 1
6.61 4.30 -1
6.56 3.89 -1
7.87 0.90 -1
4.32 6.62 -1
3.63 7.60 -1
3.17 7.44 -1
2.82 8.02 -1
7.88 2.18 -1
5.91 5.46 -1
6.26 4.20 -1
5.42 6.85 -1
7.67 2.17 -1
7.50 3.77 -1
4.13 6.03 -1
4.72 6.55 -1
5.63 6.19 -1
6.97 4.53 -1
4.43 6.18 -1
7.96 0.38 -1
6.69 3.62 -1
7.92 1.43 -1
3.03 8.15 -1
2.03 7.42 -1
4.51 5.77 -1
7.28 3.85 -1
6.42 5.51 -1
3.35 6.67 -1
4.35 7.25 -1
6.26 4.95 -1
2.94 7.67 -1
7.97 1.37 -1
7.14 4.03 -1
5.41 6.85 -1
7.90 1.39 -1
5.90 5.66 -1
4.16 6.47 -1
4.24 7.12 -1
7.51 1.97 -1
2.03 6.98 -1
7.67 2.28 -1
