0.93 5.06 1
1.92 5.81 1
0.81 4.29 1
1.21 4.27 1
1.11 5.60 1
1.09 4.98 1
1.87 5.40 1
0.44 5.12 1
0.16 5.60 1
1.54 4.86 1
1.76 4.77 1
0.83 4.83 1
0.02 5.68 1
0.11 4.27 1
1.83 5.73 1
1.08 4.55 1
0.21 5.48 1
0.88 4.03 1
1.36 4.46 1
0.45 5.46 1
1.37 5.80 1
0.38 5.83 1
1.75 5.30 1
1.48 4.54 1
0.09 5.86 1
0.73 4.94 1
0.91 4.25 1
1.20 4.08 1
1.51 5.93 1
0.13 4.70 1
0.85 5.73 1
0.29 4.21 1
0.34 4.43 1
1.89 5.59 1
0.99 5.38 1
0.28 5.94 1
0.81 5.52 1
1.70 5.53 1
0.35 5.55 1
0.57 5.85 1
1.06 6.33 1
0.47 7.85 1
0.11 6.55 1
0.67 6.75 1
0.71 6.34 1
1.84 7.99 1
0.75 7.93 1
1.76 7.52 1
1.39 6.72 1
1.77 7.66 1
1.36 6.50 1
1.45 7.28 1
1.04 6.86 1
1.67 8.00 1
1.16 7.55 1
0.73 7.40 1
1.05 7.60 1
0.40 6.21 1
1.41 6.64 1
1.34 7.66 1
0.93 7.27 1
0.71 6.78 1
0.77 6.66 1
0.44 7.41 1
1.77 7.78 1
1.57 7.40 1
1.25 6.79 1
1.93 7.22 1
0.19 6.23 1
1.38 7.90 1
0.92 6.25 1
0.61 6.80 1
1.35 6.78 1
0.31 7.03 1
1.29 7.98 1
1.92 6.76 1
1.77 6.19 1
1.43 7.66 1
0.96 6.33 1
1.93 7.46 1
2.22 4.93 1
2.46 5.97 1
3.42 5.45 1
2.02 5.37 1
2.87 5.87 1
2.35 4.76 1
2.32 4.59 1
3.48 4.50 1
3.26 4.57 1
2.80 4.30 1
2.76 4.64 1
3.21 5.14 1
3.76 5.28 1
2.81 4.81 1
2.11 5.98 1
2.17 5.07 1
2.27 4.49 1
2.57 4.19 1
3.21 4.97 1
2.52 5.05 1
3.48 5.56 1
2.91 4.69 1
3.50 5.07 1
2.66 5.23 1
3.79 5.88 1
2.29 5.77 1
3.81 4.69 1
2.29 5.67 1
2.21 4.38 1
2.97 4.19 1
2.52 4.72 1
3.68 5.85 1
2.44 5.45 1
2.98 5.75 1
2.99 5.87 1
2.87 4.22 1
2.05 5.99 1
2.37 4.14 1
3.51 5.08 1
3.82 5.57 1
3.42 7.53 -1
2.90 6.57 -1
2.82 7.13 -1
3.12 6.21 -1
3.75 7.66 -1
3.33 6.18 -1
2.60 6.23 -1
3.32 7.01 -1
2.86 6.27 -1
2.94 6.68 -1
3.89 7.79 -1
2.40 7.38 -1
3.70 6.41 -1
2.01 6.00 -1
2.04 7.40 -1
3.26 6.79 -1
2.70 7.81 -1
3.38 7.20 -1
3.75 6.19 -1
3.95 6.38 -1
2.69 7.78 -1
3.52 7.30 -1
3.48 7.29 -1
2.71 7.28 -1
2.80 6.22 -1
2.29 6.41 -1
3.12 6.63 -1
2.88 7.98 -1
3.91 7.22 -1
3.26 7.55 -1
2.95 7.24 -1
3.92 7.84 -1
3.01 7.51 -1
3.99 7.87 -1
2.17 6.62 -1
3.00 7.43 -1
3.95 7.65 -1
2.10 7.05 -1
2.50 6.71 -1
3.17 6.58 -1
2.63 6.76 -1
2.71 7.73 -1
3.52 7.36 -1
3.25 7.48 -1
3.94 7.45 -1
3.41 7.72 -1
3.60 6.50 -1
2.81 6.19 -1
2.18 7.16 -1
3.15 7.31 -1
3.91 6.86 -1
3.65 6.39 -1
3.20 7.74 -1
3.19 6.81 -1
3.30 6.97 -1
3.28 6.48 -1
2.69 6.37 -1
2.41 7.43 -1
3.90 7.66 -1
3.03 7.87 -1
2.54 7.46 -1
2.53 7.90 -1
3.44 7.79 -1
2.24 6.46 -1
2.90 6.29 -1
3.97 6.76 -1
2.39 7.01 -1
3.29 6.75 -1
3.46 7.84 -1
2.31 6.88 -1
2.28 6.19 -1
2.97 6.66 -1
2.74 7.70 -1
2.28 6.41 -1
2.02 6.91 -1
3.28 6.99 -1
2.22 7.76 -1
2.59 7.21 -1
3.62 7.90 -1
2.42 6.71 -1
2.79 6.20 -1
2.53 7.46 -1
3.14 7.44 -1
3.65 7.20 -1
3.07 7.35 -1
2.18 6.40 -1
2.98 7.15 -1
3.13 7.34 -1
2.57 7.84 -1
3.67 6.53 -1
3.30 6.65 -1
3.27 6.75 -1
2.23 6.74 -1
2.06 7.37 -1
2.41 6.84 -1
2.34 6.56 -1
3.69 6.57 -1
2.80 6.78 -1
2.21 7.49 -1
3.85 7.13 -1
2.33 6.97 -1
2.58 6.55 -1
2.47 7.17 -1
2.79 6.06 -1
2.38 7.54 -1
2.40 6.44 -1
3.05 7.64 -1
2.32 6.27 -1
3.67 7.39 -1
3.97 7.69 -1
2.17 7.80 -1
3.04 6.50 -1
2.55 7.01 -1
3.66 7.67 -1
2.73 7.38 -1
2.83 7.44 -1
3.93 7.89 -1
2.02 6.34 -1
3.06 7.29 -1
2.74 6.81 -1
2.81 7.34 -1
2.68 7.90 -1
2.81 7.56 -1
3.65 7.67 -1
2.58 7.06 -1
2.84 7.77 -1
3.21 6.19 -1
2.32 6.89 -1
2.19 6.48 -1
3.27 6.65 -1
2.84 6.22 -1
2.84 6.42 -1
2.84 6.80 -1
2.17 7.30 -1
2.33 7.24 -1
2.28 6.73 -1
2.59 7.92 -1
2.90 6.80 -1
2.86 6.04 -1
3.87 7.96 -1
3.97 7.12 -1
3.95 6.17 -1
3.58 7.55 -1
3.84 7.65 -1
2.32 6.66 -1
3.72 6.94 -1
2.88 7.61 -1
2.08 6.51 -1
2.96 6.98 -1
3.83 6.48 -1
2.08 7.16 -1
3.02 7.56 -1
3.27 6.24 -1
3.43 6.32 -1
2.71 6.26 -1
3.14 6.56 -1
3.48 6.70 -1
2.11 6.56 -1
2.37 6.07 -1
2.49 6.16 -1
3.96 7.35 -1
2.91 7.81 -1
3.81 7.88 -1
3.17 7.18 -1
2.62 7.72 -1
2.50 6.17 -1
3.48 6.88 -1
2.56 7.57 -1
3.44 6.94 -1
3.55 7.81 -1
3.57 7.83 -1
3.54 7.87 -1
2.65 6.36 -1
3.24 7.50 -1
3.52 7.67 -1
3.31 7.19 -1
2.25 7.30 -1
2.18 7.89 -1
3.85 7.86 -1
2.98 7.81 -1
2.66 6.29 -1
3.36 6.57 -1
3.37 6.34 -1
3.45 7.72 -1
3.90 6.49 -1
2.90 7.56 -1
3.12 7.12 -1
3.51 6.02 -1
3.25 6.88 -1
2.42 7.91 -1
2.71 6.85 -1
2.40 7.33 -1
3.98 6.85 -1
2.70 7.67 -1
2.35 6.77 -1
2.74 7.24 -1
2.66 6.15 -1
3.26 6.11 -1
3.78 6.20 -1
3.58 7.99 -1
4.38 4.12 1
4.35 5.75 1
5.83 4.42 1
5.14 5.86 1
5.41 5.01 1
5.99 4.97 1
5.63 5.19 1
4.38 5.10 1
4.87 4.89 1
5.33 5.73 1
4.59 5.08 1
5.90 5.72 1
4.74 5.61 1
4.26 4.01 1
4.63 4.05 1
5.49 5.36 1
5.68 5.32 1
4.67 4.28 1
4.32 5.05 1
4.90 5.16 1
5.99 5.90 1
5.95 4.18 1
5.63 5.79 1
5.54 4.77 1
4.75 4.40 1
4.81 4.94 1
5.69 5.65 1
5.24 4.90 1
5.76 5.48 1
5.33 5.67 1
4.80 4.84 1
4.00 4.99 1
4.15 5.79 1
4.35 5.06 1
4.55 4.23 1
5.33 4.33 1
4.87 5.84 1
4.84 5.15 1
5.36 4.42 1
4.21 4.49 1
4.78 6.24 1
4.62 7.45 1
5.37 7.85 1
4.98 7.78 1
4.20 7.95 1
6.00 6.92 1
4.75 6.53 1
5.11 7.78 1
4.66 6.10 1
4.16 7.66 1
5.43 7.02 1
4.54 7.58 1
5.35 7.65 1
4.98 7.51 1
4.14 6.25 1
5.24 7.88 1
4.86 7.14 1
4.13 7.26 1
5.59 6.74 1
5.00 7.83 1
4.17 6.68 1
5.77 6.28 1
5.33 7.49 1
4.29 7.91 1
5.91 6.74 1
4.50 7.65 1
4.72 6.56 1
4.79 7.39 1
4.74 7.38 1
5.03 8.00 1
5.12 7.63 1
4.31 7.34 1
5.00 7.63 1
4.28 6.58 1
4.96 7.47 1
4.95 7.35 1
4.93 6.33 1
5.60 7.23 1
5.93 7.02 1
4.57 7.41 1
